       nkeys     capacity     nbuckets      vacancy   rndvacancy       regret    rndregret        putns        getns       missns        delns
           1            8            8        1.000        0.875       -1.000        0.000       48.353       12.621       13.402       17.775
           8            8            8        1.000        0.344       -1.000        0.438       21.492       24.095       13.035       28.219
           9           16           16        1.000        0.559       -1.000        0.250       26.017       24.279       13.379       28.378
          16           16           16        1.000        0.356       -1.000        0.469       24.559       26.086       14.957       30.683
          17           32           32        1.000        0.583       -1.000        0.250       27.791       26.748       16.115       31.649
          32           32           32        1.000        0.362       -1.000        0.484       22.584       29.111       20.349       35.003
          33           48           64        0.550        0.595        0.129        0.250       37.051       15.175       20.912       21.660
          48           48           64        0.418        0.470        0.244        0.367       30.297       16.377       21.693       21.995
          49           72          128        0.646        0.681        0.075        0.188       38.157       13.529       18.281       20.789
          72           72          128        0.522        0.569        0.154        0.277       34.250       14.797       20.656       21.329
          73          108          128        0.517        0.564        0.157        0.281       45.599       14.711       20.678       21.478
         108          108          128        0.376        0.429        0.293        0.418       37.683       18.486       23.367       23.773
         109          162          256        0.616        0.653        0.098        0.211       45.306       15.253       20.241       23.500
         162          162          256        0.484        0.530        0.196        0.314       43.017       14.656       20.495       21.041
         163          217          256        0.482        0.528        0.197        0.316       41.418       14.689       20.382       20.767
         217          217          256        0.376        0.428        0.297        0.422       36.653       15.174       20.037       20.658
         218          325          512        0.618        0.653        0.104        0.212       43.401       11.981       16.513       18.828
         325          325          512        0.481        0.530        0.194        0.316       35.376       12.297       18.219       18.604
         326          435          512        0.480        0.529        0.195        0.317       43.895       12.324       18.247       18.591
         435          435          512        0.375        0.427        0.299        0.424       39.353       13.472       18.423       19.124
         436          652         1024        0.635        0.653        0.153        0.212       42.331       11.066       15.022       17.797
         652          652         1024        0.509        0.529        0.262        0.318       34.707       12.109       16.955       18.062
         653          870         1024        0.509        0.528        0.264        0.318       38.595       12.137       16.719       18.003
         870          870         1024        0.406        0.427        0.367        0.424       35.187       13.495       18.147       18.653
         871         1305         2048        0.631        0.654        0.141        0.212       43.687       10.026       13.973       16.932
        1305         1305         2048        0.499        0.529        0.239        0.318       35.653       11.265       16.555       17.502
        1306         1740         2048        0.508        0.528        0.260        0.319       42.423       11.630       16.667       17.595
        1740         1740         2048        0.397        0.427        0.349        0.425       37.024       12.985       17.615       18.129
        1741         2610         4096        0.654        0.654        0.208        0.212       45.201       10.877       12.108       17.473
        2610         2610         4096        0.528        0.529        0.312        0.318       37.260       12.714       15.956       18.494
        2611         3481         4096        0.535        0.529        0.329        0.319       43.295       12.994       15.836       18.649
        3481         3481         4096        0.418        0.427        0.399        0.425       38.006       14.578       18.753       21.300
        3482         5221         8192        0.643        0.654        0.176        0.212       46.550       10.780       14.640       20.440
        5221         5221         8192        0.507        0.529        0.259        0.319       37.924       12.326       17.167       19.116
        5222         6963         8192        0.507        0.529        0.258        0.319       43.080       12.269       17.246       19.101
        6963         6963         8192        0.412        0.427        0.384        0.425       38.852       14.713       18.573       20.285
        6964        10444        16384        0.636        0.654        0.155        0.212       47.237       10.501       13.623       18.738
       10444        10444        16384        0.503        0.529        0.251        0.319       38.174       12.444       17.912       19.686
       10445        13926        16384        0.504        0.529        0.251        0.319       43.270       12.409       17.863       19.692
       13926        13926        16384        0.405        0.427        0.367        0.425       38.497       14.733       19.262       20.769
       13927        20889        32768        0.642        0.654        0.173        0.212       46.687       10.938       14.779       19.361
       20889        20889        32768        0.506        0.529        0.258        0.319       37.563       12.679       18.264       20.234
       20890        27852        32768        0.507        0.529        0.259        0.319       43.088       12.679       18.323       20.218
       27852        27852        32768        0.404        0.427        0.365        0.425       38.585       14.953       19.723       21.255
       27853        41778        65536        0.644        0.654        0.180        0.212       47.748       12.092       14.608       19.847
       41778        41778        65536        0.513        0.529        0.274        0.319       38.785       13.516       18.859       21.187
       41779        55705        65536        0.513        0.529        0.274        0.319       44.816       15.024       18.768       21.069
       55705        55705        65536        0.410        0.427        0.380        0.425       41.055       16.952       20.603       23.027
       55706        83557       131072        0.652        0.654        0.203        0.212       51.193       14.646       15.295       23.940
       83557        83557       131072        0.526        0.529        0.308        0.319       49.408       19.660       19.766       26.348
       83558       111411       131072        0.525        0.529        0.306        0.319       48.108       19.685       19.772       26.283
      111411       111411       131072        0.423        0.427        0.413        0.425       42.802       23.333       23.507       28.574
      111412       167116       262144        0.651        0.654        0.202        0.212       53.366       18.809       17.506       28.787
      167116       167116       262144        0.524        0.529        0.304        0.319       42.773       22.180       22.302       30.584
      167117       222822       262144        0.525        0.529        0.308        0.319       49.792       22.394       22.351       30.915
      222822       222822       262144        0.419        0.427        0.402        0.425       44.617       25.091       25.444       31.393
      222823       334233       524288        0.648        0.654        0.192        0.212       65.900       21.585       19.265       31.933
      334233       334233       524288        0.523        0.529        0.301        0.319       46.731       24.523       24.505       33.728
      334234       445644       524288        0.521        0.529        0.296        0.319       52.817       26.054       24.938       34.026
      445644       445644       524288        0.422        0.427        0.408        0.425       49.246       29.974       29.765       38.284
      445645       668466      1048576        0.648        0.654        0.193        0.212       70.402       33.116       29.733       50.172
      668466       668466      1048576        0.523        0.529        0.301        0.319       52.472       49.337       41.623       62.628
      668467       891289      1048576        0.524        0.529        0.306        0.319       61.630       50.103       41.923       63.604
      891289       891289      1048576        0.420        0.427        0.406        0.425       56.388       66.002       53.986       75.252
      891290      1336933      2097152        0.649        0.654        0.197        0.212       81.893       61.881       48.215       93.261
     1336933      1336933      2097152        0.503        0.529        0.246        0.319       53.492       72.761       62.325       98.464
     1336934      1782579      2097152        0.504        0.529        0.249        0.319       65.642       72.954       63.476       99.776
     1782579      1782579      2097152        0.404        0.427        0.359        0.425       56.240       86.826       76.302      105.575
     1782580      2673868      4194304        0.636        0.654        0.153        0.212       76.511       74.229       61.296      114.729
     2673868      2673868      4194304        0.501        0.529        0.245        0.319       58.938       87.747       74.926      120.071
     2673869      3565158      4194304        0.505        0.529        0.254        0.319       70.047       88.437       75.128      120.302
     3565158      3565158      4194304        0.396        0.427        0.348        0.425       60.242       99.827       24.741      123.896
     3565159      5347737      8388608        0.642        0.654        0.172        0.212       81.614       85.094       18.100      128.393
     5347737      5347737      8388608        0.511        0.529        0.270        0.319      128.453       69.892       85.651       70.996
     5347738      7130317      8388608        0.509        0.529        0.264        0.319      138.843       67.866       84.662       68.269
     7130317      7130317      8388608        0.402        0.427        0.363        0.425      131.511       81.145       58.203       75.515
     7130318     10695476     16777216        0.635        0.654        0.152        0.213      161.998       59.617       35.851       66.727
    10695476     10695476     16777216        0.502        0.529        0.248        0.319      142.491       73.186       89.666       73.655
    10695477     14260634     16777216        0.505        0.529        0.256        0.319      103.802       95.606       53.979      120.797
    14260634     14260634     16777216        0.398        0.427        0.352        0.425       63.558      112.162      102.687      141.912
    14260635     21390952     33554432        0.644        0.654        0.179        0.213       83.081       95.400       79.100      145.552
    16777215     21390952     33554432        0.599        0.607        0.226        0.250       74.933      100.394       18.908      145.917
