       nkeys     capacity     nbuckets      vacancy   rndvacancy       regret    rndregret        putns        getns       missns        delns
           1            8            8        1.000        0.875       -1.000        0.000       47.830       12.510       13.364       17.212
           8            8            8        1.000        0.344       -1.000        0.438       21.139       24.192       12.735       28.315
           9           16           16        1.000        0.559       -1.000        0.250       25.661       24.429       13.571       28.435
          16           16           16        1.000        0.356       -1.000        0.469       24.409       26.289       14.218       30.806
          17           32           32        1.000        0.583       -1.000        0.250       27.571       27.119       15.673       31.738
          32           32           32        1.000        0.362       -1.000        0.484       22.180       29.395       18.299       35.446
          33           48           64        0.549        0.595        0.126        0.250       37.061       14.783       20.717       21.322
          48           48           64        0.418        0.470        0.242        0.367       30.548       16.061       21.314       21.607
          49           72          128        0.644        0.681        0.071        0.188       38.449       13.056       18.405       20.426
          72           72          128        0.518        0.569        0.144        0.277       34.100       14.307       20.437       20.910
          73          108          128        0.513        0.564        0.147        0.281       45.010       14.267       20.325       20.813
         108          108          128        0.372        0.429        0.283        0.418       37.462       17.912       22.895       23.276
         109          162          256        0.614        0.653        0.093        0.211       44.968       14.825       19.959       22.886
         162          162          256        0.479        0.530        0.184        0.314       42.827       14.241       20.177       20.640
         163          217          256        0.476        0.528        0.186        0.316       41.108       14.079       19.995       20.443
         217          217          256        0.370        0.428        0.285        0.422       36.179       14.613       19.594       20.388
         218          325          512        0.614        0.653        0.094        0.212       43.179       11.599       16.735       18.492
         325          325          512        0.478        0.530        0.185        0.316       35.041       12.024       17.931       18.244
         326          435          512        0.477        0.529        0.187        0.317       43.710       12.041       17.854       18.304
         435          435          512        0.369        0.427        0.285        0.424       37.499       13.068       18.167       18.791
         436          652         1024        0.614        0.653        0.094        0.212       41.905       10.030       15.215       17.185
         652          652         1024        0.477        0.529        0.187        0.318       33.718       10.906       16.817       17.219
         653          870         1024        0.476        0.528        0.187        0.318       37.632       10.947       16.731       17.177
         870          870         1024        0.369        0.427        0.284        0.424       33.672       12.220       17.124       17.828
         871         1305         2048        0.615        0.654        0.094        0.212       42.742        9.210       14.440       16.305
        1305         1305         2048        0.477        0.529        0.187        0.318       34.530       10.383       16.404       16.840
        1306         1740         2048        0.476        0.528        0.188        0.319       40.882       10.424       16.410       16.779
        1740         1740         2048        0.368        0.427        0.284        0.425       35.688       11.818       16.947       17.461
        1741         2610         4096        0.615        0.654        0.094        0.212       44.100        8.920       14.155       16.252
        2610         2610         4096        0.479        0.529        0.192        0.318       35.644       10.552       16.295       17.222
        2611         3481         4096        0.483        0.529        0.202        0.319       41.222       10.719       16.071       17.331
        3481         3481         4096        0.377        0.427        0.304        0.425       36.785       12.716       17.151       19.487
        3482         5221         8192        0.635        0.654        0.145        0.212       45.116       10.043       15.043       18.926
        5221         5221         8192        0.495        0.529        0.228        0.319       36.302       11.601       17.277       18.391
        5222         6963         8192        0.491        0.529        0.219        0.319       41.039       11.452       17.156       18.326
        6963         6963         8192        0.377        0.427        0.304        0.425       36.248       13.090       17.935       19.225
        6964        10444        16384        0.627        0.654        0.128        0.212       44.911        9.731       15.693       17.975
       10444        10444        16384        0.501        0.529        0.241        0.319       35.940       11.995       17.317       19.140
       10445        13926        16384        0.501        0.529        0.241        0.319       41.105       11.972       17.270       19.138
       13926        13926        16384        0.391        0.427        0.335        0.425       35.857       13.873       18.821       20.067
       13927        20889        32768        0.631        0.654        0.139        0.212       44.034       10.001       15.806       18.469
       20889        20889        32768        0.500        0.529        0.245        0.319       35.485       12.232       17.689       19.605
       20890        27852        32768        0.501        0.529        0.247        0.319       40.846       12.204       17.613       19.563
       27852        27852        32768        0.389        0.427        0.337        0.425       35.430       14.125       19.076       20.552
       27853        41778        65536        0.627        0.654        0.128        0.212       43.867       10.682       15.587       18.710
       41778        41778        65536        0.499        0.529        0.240        0.319       36.496       12.720       18.755       20.369
       41779        55705        65536        0.500        0.529        0.243        0.319       41.436       13.745       18.149       20.114
       55705        55705        65536        0.384        0.427        0.324        0.425       35.894       15.273       19.369       21.437
       55706        83557       131072        0.625        0.654        0.120        0.212       44.976       11.817       16.431       21.486
       83557        83557       131072        0.503        0.529        0.247        0.319       43.993       16.801       19.725       24.357
       83558       111411       131072        0.504        0.529        0.248        0.319       43.147       16.918       20.206       24.431
      111411       111411       131072        0.387        0.427        0.325        0.425       37.415       20.763       22.272       26.695
      111412       167116       262144        0.625        0.654        0.120        0.212       46.844       16.132       18.405       26.770
      167116       167116       262144        0.501        0.529        0.245        0.319       37.227       19.987       21.702       28.650
      167117       222822       262144        0.502        0.529        0.244        0.319       44.133       20.115       21.819       28.592
      222822       222822       262144        0.387        0.427        0.325        0.425       37.962       22.218       23.711       29.831
      222823       334233       524288        0.626        0.654        0.126        0.212       56.951       18.478       19.566       30.169
      334233       334233       524288        0.508        0.529        0.259        0.319       39.557       22.086       23.145       32.351
      334234       445644       524288        0.495        0.529        0.231        0.319       45.111       22.637       23.585       32.097
      445644       445644       524288        0.387        0.427        0.326        0.425       39.266       26.094       27.434       36.199
      445645       668466      1048576        0.622        0.654        0.113        0.212       57.925       26.934       27.112       45.205
      668466       668466      1048576        0.490        0.529        0.216        0.319       39.548       39.709       36.506       57.306
      668467       891289      1048576        0.498        0.529        0.235        0.319       47.903       41.902       37.119       57.976
      891289       891289      1048576        0.354        0.427        0.277        0.425       40.309       54.138       48.028       69.952
      891290      1336933      2097152        0.628        0.654        0.130        0.212       62.254       52.006       36.333       82.379
     1336933      1336933      2097152        0.419        0.529        0.089        0.319       42.985       53.422       40.688       79.106
     1336934      1782579      2097152        0.476        0.529        0.178        0.319       54.592       58.478       57.390       80.170
     1782579      1782579      2097152        0.214        0.427        0.076        0.425       45.378       59.123       61.472       90.002
     1782580      2673868      4194304        0.632        0.654        0.133        0.212       61.261       63.866        9.039       92.702
     2673868      2673868      4194304        0.391        0.529        0.044        0.319       46.137       63.765       53.671      103.575
     2673869      3565158      4194304        0.419        0.529        0.089        0.319       58.313       67.184       52.297      103.340
     3565158      3565158      4194304        0.264        0.427        0.155        0.425       49.704       78.691       13.649      114.518
     3565159      5347737      8388608        0.621        0.654        0.120        0.212       74.167       78.402       14.647      123.065
     5347737      5347737      8388608        0.438        0.529        0.119        0.319      103.970       43.887       64.899       58.992
     5347738      7130317      8388608        0.409        0.529        0.073        0.319      112.380       39.610       63.703       55.627
     7130317      7130317      8388608        0.352        0.427        0.238        0.425      110.859       53.004       53.865       63.661
     7130318     10695476     16777216        0.620        0.654        0.106        0.213      143.386       43.105       21.130       58.268
    10695476     10695476     16777216        0.432        0.529        0.108        0.319      124.523       45.232       60.426       61.047
    10695477     14260634     16777216        0.423        0.529        0.117        0.319       89.203       67.743       35.639      111.511
    14260634     14260634     16777216        0.332        0.427        0.214        0.425       49.627       91.121       89.426      131.443
    14260635     21390952     33554432        0.610        0.654        0.083        0.213       66.331       76.693       54.925      134.313
    16777215     21390952     33554432        0.571        0.607        0.142        0.250       58.567       83.642        7.626      135.731
