       nkeys     capacity     nbuckets      vacancy   rndvacancy       regret    rndregret        putns        getns       missns        delns
           1            7            8        0.875        0.875        0.000        0.000       63.762       12.798       19.255       26.349
           7            7            8        0.393        0.393        0.375        0.375       33.915       24.086       29.210       29.008
           8           10           16        0.597        0.597        0.219        0.219       47.243       21.477       25.639       27.678
          10           10           16        0.524        0.524        0.281        0.281       44.900       22.281       27.346       28.119
          11           13           16        0.492        0.492        0.313        0.313       61.523       22.223       27.460       27.901
          13           13           16        0.432        0.432        0.375        0.375       49.937       23.498       28.508       28.470
          14           19           32        0.641        0.641        0.204        0.203       58.993       19.493       23.273       26.536
          19           19           32        0.547        0.547        0.281        0.281       51.898       20.652       25.585       26.816
          20           28           32        0.530        0.530        0.297        0.297       71.989       21.914       26.829       27.781
          28           28           32        0.411        0.411        0.422        0.422       51.986       23.242       27.989       27.793
          29           42           64        0.633        0.633        0.219        0.219       61.354       18.971       22.704       26.001
          42           42           64        0.516        0.516        0.320        0.320       51.568       20.248       25.487       26.208
          43           54           64        0.508        0.508        0.328        0.328       56.313       20.304       25.556       26.086
          54           54           64        0.427        0.427        0.414        0.414       63.552       22.962       27.898       27.723
          55           81          128        0.650        0.650        0.211        0.211       61.068       18.954       22.383       26.015
          81           81          128        0.530        0.530        0.313        0.313       49.177       18.701       23.773       24.891
          82          108          128        0.526        0.526        0.317        0.316       53.461       18.699       23.768       25.013
         108          108          128        0.429        0.429        0.418        0.418       51.036       22.740       27.673       27.608
         109          162          256        0.653        0.653        0.211        0.211       59.342       18.698       22.189       25.937
         162          162          256        0.530        0.530        0.314        0.314       49.462       18.525       23.583       24.734
         163          217          256        0.528        0.528        0.316        0.316       65.670       18.581       23.663       24.757
         217          217          256        0.428        0.428        0.422        0.422       45.359       19.476       24.488       24.590
         218          325          512        0.653        0.653        0.211        0.212       53.172       15.318       18.929       22.935
         325          325          512        0.530        0.530        0.316        0.316       43.182       16.240       21.424       22.666
         326          435          512        0.529        0.529        0.317        0.317       47.356       16.225       21.427       22.616
         435          435          512        0.427        0.427        0.424        0.424       41.997       17.747       22.919       22.943
         436          652         1024        0.653        0.653        0.212        0.212       50.127       13.728       17.259       21.279
         652          652         1024        0.529        0.529        0.318        0.318       40.811       15.137       20.388       21.690
         653          870         1024        0.529        0.528        0.319        0.318       45.959       15.200       20.353       21.652
         870          870         1024        0.427        0.427        0.424        0.424       40.510       17.102       22.122       22.372
         871         1305         2048        0.653        0.654        0.212        0.212       50.177       12.926       16.460       20.677
        1305         1305         2048        0.529        0.529        0.318        0.318       40.920       14.664       19.902       21.310
        1306         1740         2048        0.528        0.528        0.318        0.319       47.345       14.683       19.929       21.300
        1740         1740         2048        0.428        0.427        0.425        0.425       41.872       16.683       21.713       22.203
        1741         2610         4096        0.654        0.654        0.212        0.212       51.941       12.794       16.223       20.757
        2610         2610         4096        0.529        0.529        0.319        0.318       42.300       15.057       19.924       21.861
        2611         3481         4096        0.528        0.529        0.318        0.319       47.514       15.058       19.922       21.861
        3481         3481         4096        0.428        0.427        0.425        0.425       43.860       17.488       22.061       23.301
        3482         5221         8192        0.654        0.654        0.212        0.212       52.009       13.373       16.510       22.204
        5221         5221         8192        0.529        0.529        0.319        0.319       42.055       15.693       20.502       22.973
        5222         6963         8192        0.528        0.529        0.318        0.319       47.099       15.706       20.483       22.987
        6963         6963         8192        0.428        0.427        0.425        0.425       42.793       18.187       22.835       24.086
        6964        10444        16384        0.654        0.654        0.212        0.212       52.224       13.723       16.887       22.612
       10444        10444        16384        0.529        0.529        0.319        0.319       42.716       16.150       21.020       23.728
       10445        13926        16384        0.528        0.529        0.318        0.319       48.010       16.061       21.079       23.739
       13926        13926        16384        0.427        0.427        0.425        0.425       42.830       18.501       23.429       24.818
       13927        20889        32768        0.654        0.654        0.212        0.212       52.031       13.887       17.020       23.041
       20889        20889        32768        0.529        0.529        0.319        0.319       42.697       16.372       21.295       24.228
       20890        27852        32768        0.528        0.529        0.318        0.319       48.259       16.261       21.304       24.230
       27852        27852        32768        0.428        0.427        0.425        0.425       43.344       18.760       23.750       25.336
       27853        41778        65536        0.654        0.654        0.212        0.212       53.819       15.034       17.225       23.395
       41778        41778        65536        0.529        0.529        0.319        0.319       44.078       16.818       21.808       24.937
       41779        55705        65536        0.529        0.529        0.318        0.319       50.357       18.433       21.793       24.918
       55705        55705        65536        0.427        0.427        0.425        0.425       46.881       20.975       24.611       27.095
       55706        83557       131072        0.654        0.654        0.213        0.212       58.642       17.631       18.402       27.306
       83557        83557       131072        0.529        0.529        0.319        0.319       47.982       23.109       23.768       29.972
       83558       111411       131072        0.529        0.529        0.319        0.319       54.424       22.602       23.725       30.081
      111411       111411       131072        0.427        0.427        0.425        0.425       49.537       28.080       27.344       31.987
      111412       167116       262144        0.654        0.654        0.213        0.212       61.999       22.822       20.848       32.425
      167116       167116       262144        0.529        0.529        0.319        0.319       51.115       27.020       26.241       34.451
      167117       222822       262144        0.529        0.529        0.319        0.319       57.394       27.904       26.328       34.146
      222822       222822       262144        0.428        0.427        0.426        0.425       53.403       31.181       29.916       36.051
      222823       334233       524288        0.654        0.654        0.213        0.212       67.427       25.679       22.301       35.121
      334233       334233       524288        0.529        0.529        0.318        0.319       56.453       30.417       28.179       37.271
      334234       445644       524288        0.529        0.529        0.319        0.319       63.552       30.754       28.321       37.095
      445644       445644       524288        0.428        0.427        0.426        0.425       60.877       35.167       34.020       40.452
      445645       668466      1048576        0.654        0.654        0.213        0.212       90.089       41.628       32.588       53.428
      668466       668466      1048576        0.529        0.529        0.319        0.319       71.400       64.022       46.343       68.862
      668467       891289      1048576        0.528        0.529        0.318        0.319       77.325       63.969       46.531       68.767
      891289       891289      1048576        0.427        0.427        0.425        0.425       73.960       83.666       58.341       79.983
      891290      1336933      2097152        0.654        0.654        0.213        0.212       91.438       77.975       52.053       94.908
     1336933      1336933      2097152        0.529        0.529        0.319        0.319       98.341       98.775       68.578      106.854
     1336934      1782579      2097152        0.529        0.529        0.319        0.319      108.368       99.801       68.129      107.359
     1782579      1782579      2097152        0.427        0.427        0.425        0.425      106.656      114.375       80.757      114.268
     1782580      2673868      4194304        0.654        0.654        0.213        0.212      135.894      100.354       68.011      121.765
     2673868      2673868      4194304        0.529        0.529        0.319        0.319      123.019      113.647       79.512      123.531
     2673869      3565158      4194304        0.529        0.529        0.319        0.319      133.984      115.850       80.964      126.928
     3565158      3565158      4194304        0.427        0.427        0.425        0.425      129.965      130.351       94.136      131.717
     3565159      5347737      8388608        0.654        0.654        0.212        0.212      162.540      110.401       74.951      134.120
     5347737      5347737      8388608        0.529        0.529        0.319        0.319      145.516      125.106       88.504      137.306
     5347738      7130317      8388608        0.529        0.529        0.319        0.319      155.721      125.081       88.850      137.477
     7130317      7130317      8388608        0.427        0.427        0.425        0.425      149.641      138.116      102.254      141.856
     7130318     10695476     16777216        0.654        0.654        0.213        0.213      182.728      114.674       78.937      140.898
    10695476     10695476     16777216        0.529        0.529        0.319        0.319      163.067      132.636       93.872      146.281
    10695477     14260634     16777216        0.529        0.529        0.319        0.319      174.877      129.178       91.886      145.177
    14260634     14260634     16777216        0.427        0.427        0.425        0.425      167.306      144.542      106.776      149.447
    14260635     21390952     33554432        0.654        0.654        0.213        0.213      199.788      116.634       81.887      146.738
    16777215     21390952     33554432        0.607        0.607        0.250        0.250      189.093      123.380       90.240      149.647
