       nkeys     capacity     nbuckets      vacancy   rndvacancy       regret    rndregret        putns        getns       missns        delns
           1            8            8        1.000        0.875       -1.000        0.000       47.674       12.581       13.044       16.772
           8            8            8        1.000        0.344       -1.000        0.438       20.269       24.073       12.729       28.339
           9           16           16        1.000        0.559       -1.000        0.250       25.365       24.456       13.620       28.446
          16           16           16        1.000        0.356       -1.000        0.469       21.673       26.189       14.051       30.721
          17           32           32        1.000        0.583       -1.000        0.250       27.231       27.105       15.746       31.735
          32           32           32        1.000        0.362       -1.000        0.484       22.635       29.399       18.392       35.543
          33           48           64        0.549        0.595        0.126        0.250       42.003       14.763       20.736       21.367
          48           48           64        0.418        0.470        0.242        0.367       30.399       16.046       21.306       21.651
          49           72          128        0.644        0.681        0.071        0.188       38.534       13.093       18.578       20.479
          72           72          128        0.518        0.569        0.144        0.277       33.974       14.341       20.422       21.059
          73          108          128        0.513        0.564        0.147        0.281       38.702       14.225       20.310       20.771
         108          108          128        0.372        0.429        0.283        0.418       36.905       18.030       23.021       23.184
         109          162          256        0.614        0.653        0.093        0.211       44.546       14.900       20.532       21.797
         162          162          256        0.479        0.530        0.184        0.314       39.016       14.194       20.229       20.402
         163          217          256        0.476        0.528        0.186        0.316       51.460       14.248       20.029       20.262
         217          217          256        0.370        0.428        0.284        0.422       35.709       14.638       19.582       20.269
         218          325          512        0.614        0.653        0.094        0.212       42.448       11.671       17.400       18.747
         325          325          512        0.478        0.530        0.185        0.316       34.178       11.947       17.840       18.248
         326          435          512        0.477        0.529        0.186        0.317       38.279       11.992       17.896       18.288
         435          435          512        0.369        0.427        0.285        0.424       33.820       13.058       18.087       18.560
         436          652         1024        0.614        0.653        0.094        0.212       40.960        9.994       15.464       17.100
         652          652         1024        0.477        0.529        0.187        0.318       33.223       10.932       16.924       17.237
         653          870         1024        0.476        0.528        0.187        0.318       37.964       10.964       16.892       17.175
         870          870         1024        0.369        0.427        0.284        0.424       33.289       12.554       17.554       18.087
         871         1305         2048        0.615        0.654        0.094        0.212       42.410        9.175       14.929       16.286
        1305         1305         2048        0.476        0.529        0.187        0.318       33.681       10.442       16.315       16.745
        1306         1740         2048        0.476        0.528        0.187        0.319       40.107       10.390       16.285       16.755
        1740         1740         2048        0.369        0.427        0.284        0.425       35.909       11.881       16.754       18.213
        1741         2610         4096        0.615        0.654        0.094        0.212       44.008        8.850       14.513       16.352
        2610         2610         4096        0.477        0.529        0.187        0.318       34.397       10.429       16.311       17.183
        2611         3481         4096        0.477        0.529        0.187        0.319       39.697       10.426       16.289       17.203
        3481         3481         4096        0.368        0.427        0.283        0.425       35.259       12.227       17.036       19.322
        3482         5221         8192        0.615        0.654        0.094        0.212       46.611        9.098       15.192       18.847
        5221         5221         8192        0.476        0.529        0.187        0.319       33.508       10.745       16.856       18.078
        5222         6963         8192        0.477        0.529        0.187        0.319       39.349       10.713       16.835       18.094
        6963         6963         8192        0.368        0.427        0.284        0.425       35.131       12.643       17.724       19.058
        6964        10444        16384        0.615        0.654        0.094        0.212       43.691        9.049       15.065       17.722
       10444        10444        16384        0.477        0.529        0.187        0.319       34.916       11.005       17.328       18.686
       10445        13926        16384        0.476        0.529        0.187        0.319       40.337       11.038       17.377       18.699
       13926        13926        16384        0.368        0.427        0.283        0.425       35.207       12.888       18.201       19.633
       13927        20889        32768        0.615        0.654        0.094        0.212       43.675        9.067       15.171       18.082
       20889        20889        32768        0.476        0.529        0.187        0.319       34.836       11.136       17.560       19.209
       20890        27852        32768        0.477        0.529        0.187        0.319       40.463       11.127       17.574       19.183
       27852        27852        32768        0.368        0.427        0.283        0.425       35.348       13.100       18.503       20.125
       27853        41778        65536        0.615        0.654        0.094        0.212       43.955       10.076       15.317       18.493
       41778        41778        65536        0.477        0.529        0.187        0.319       35.150       11.396       17.961       19.890
       41779        55705        65536        0.476        0.529        0.187        0.319       40.950       12.800       17.911       19.703
       55705        55705        65536        0.368        0.427        0.283        0.425       35.668       14.508       18.984       21.278
       55706        83557       131072        0.615        0.654        0.093        0.212       44.799       11.372       15.963       21.756
       83557        83557       131072        0.477        0.529        0.187        0.319       35.670       15.330       19.577       24.633
       83558       111411       131072        0.477        0.529        0.187        0.319       41.970       16.052       20.281       24.770
      111411       111411       131072        0.368        0.427        0.284        0.425       36.413       19.611       21.779       26.079
      111412       167116       262144        0.615        0.654        0.094        0.212       45.858       16.458       18.453       27.300
      167116       167116       262144        0.477        0.529        0.187        0.319       36.280       18.693       21.499       28.596
      167117       222822       262144        0.476        0.529        0.187        0.319       43.052       19.234       21.742       27.899
      222822       222822       262144        0.368        0.427        0.283        0.425       37.083       21.549       23.222       30.040
      222823       334233       524288        0.615        0.654        0.094        0.212       47.143       17.450       18.903       29.539
      334233       334233       524288        0.477        0.529        0.187        0.319       37.073       21.148       22.885       31.824
      334234       445644       524288        0.476        0.529        0.187        0.319       57.576       23.015       24.224       33.517
      445644       445644       524288        0.368        0.427        0.283        0.425       41.708       27.137       28.162       38.037
      445645       668466      1048576        0.615        0.654        0.094        0.212       49.406       25.788       26.686       46.338
      668466       668466      1048576        0.477        0.529        0.187        0.319       38.534       43.696       39.488       62.755
      668467       891289      1048576        0.477        0.529        0.187        0.319       45.837       44.997       40.248       64.373
      891289       891289      1048576        0.368        0.427        0.283        0.425       40.266       56.811       50.392       72.657
      891290      1336933      2097152        0.615        0.654        0.094        0.212       51.215       52.707       42.604       87.962
     1336933      1336933      2097152        0.477        0.529        0.187        0.319       51.642       67.665       57.356       98.064
     1336934      1782579      2097152        0.476        0.529        0.187        0.319       62.471       68.529       58.125       98.539
     1782579      1782579      2097152        0.368        0.427        0.283        0.425       52.271       80.494       69.741      103.740
     1782580      2673868      4194304        0.615        0.654        0.094        0.212       70.410       68.170       55.788      114.837
     2673868      2673868      4194304        0.476        0.529        0.187        0.319       53.236       80.112       67.805      117.785
     2673869      3565158      4194304        0.477        0.529        0.187        0.319       63.714       80.422       67.829      118.217
     3565158      3565158      4194304        0.368        0.427        0.283        0.425       53.301       91.375       80.666      121.479
     3565159      5347737      8388608        0.615        0.654        0.094        0.212       70.933       74.295       60.967      126.918
     5347737      5347737      8388608        0.476        0.529        0.187        0.319       54.146       86.284       73.102      129.427
     5347738      7130317      8388608        0.477        0.529        0.187        0.319       64.151       85.444       73.144      128.660
     7130317      7130317      8388608        0.368        0.427        0.284        0.425       53.642       96.201       85.914      131.066
     7130318     10695476     16777216        0.615        0.654        0.094        0.213       70.195       76.023       62.900      134.065
    10695476     10695476     16777216        0.477        0.529        0.187        0.319       54.633       90.849       77.064      137.861
    10695477     14260634     16777216        0.477        0.529        0.187        0.319       66.885       89.440       76.590      135.881
    14260634     14260634     16777216        0.368        0.427        0.283        0.425       55.977      101.240       90.434      139.390
    14260635     21390952     33554432        0.615        0.654        0.094        0.213       72.275       78.541       64.939      141.333
    16777215     21390952     33554432        0.561        0.607        0.122        0.250       64.481       82.872       72.070      142.770
