       nkeys     capacity     nbuckets      vacancy   rndvacancy       regret    rndregret        putns        getns       missns        delns
           1            8            8        1.000        0.875       -1.000        0.000       48.296       12.652       12.863       17.183
           8            8            8        1.000        0.344       -1.000        0.438       20.653       24.145       12.738       28.420
           9           16           16        1.000        0.559       -1.000        0.250       25.567       24.471       13.659       28.487
          16           16           16        1.000        0.356       -1.000        0.469       21.932       26.233       14.087       30.711
          17           32           32        1.000        0.583       -1.000        0.250       27.528       27.165       15.796       31.758
          32           32           32        1.000        0.362       -1.000        0.484       23.017       29.419       18.367       35.515
          33           48           64        0.486        0.595        0.003        0.250       41.592       12.613       18.121       20.218
          48           48           64        0.253        0.470        0.004        0.367       27.734       11.995       16.487       19.761
          49           72          128        0.617        0.681        0.000        0.188       35.584       11.854       16.142       19.744
          72           72          128        0.438        0.569        0.000        0.277       30.371       11.801       17.596       19.698
          73          108          128        0.430        0.564        0.000        0.281       35.070       11.678       17.515       19.502
         108          108          128        0.162        0.429        0.007        0.418       32.623       13.552       16.553       21.180
         109          162          256        0.577        0.653        0.007        0.211       50.448       13.448       17.670       21.068
         162          162          256        0.376        0.530        0.014        0.314       30.119       11.389       16.919       18.976
         163          217          256        0.373        0.528        0.014        0.316       34.662       11.368       16.823       18.870
         217          217          256        0.168        0.428        0.019        0.422       28.895       10.297       13.690       18.486
         218          325          512        0.574        0.653        0.000        0.212       35.746        9.994       14.538       17.857
         325          325          512        0.365        0.530        0.000        0.316       27.775        8.955       14.714       16.862
         326          435          512        0.363        0.529        0.000        0.317       31.837        8.930       14.656       16.771
         435          435          512        0.172        0.427        0.026        0.424       26.849        8.825       12.107       16.426
         436          652         1024        0.586        0.653        0.027        0.212       33.844        8.856       12.776       16.301
         652          652         1024        0.402        0.529        0.061        0.318       26.507        8.876       13.615       16.165
         653          870         1024        0.401        0.528        0.060        0.318       31.323        8.852       13.524       16.212
         870          870         1024        0.213        0.427        0.074        0.424       26.005        8.860       12.275       16.439
         871         1305         2048        0.575        0.654        0.000        0.212       35.011        7.540       12.615       15.575
        1305         1305         2048        0.363        0.529        0.000        0.318       26.749        7.287       13.034       15.241
        1306         1740         2048        0.362        0.528        0.000        0.319       33.333        7.275       12.978       15.247
        1740         1740         2048        0.242        0.427        0.108        0.425       28.231        8.938       12.895       16.429
        1741         2610         4096        0.620        0.654        0.106        0.212       36.554        8.968       11.585       16.684
        2610         2610         4096        0.511        0.529        0.233        0.318       27.825       11.366       13.100       17.661
        2611         3481         4096        0.517        0.529        0.242        0.319       33.415       11.558       13.131       17.828
        3481         3481         4096        0.409        0.427        0.304        0.425       28.162       12.828       14.870       19.922
        3482         5221         8192        0.575        0.654        0.000        0.212       38.149        7.053       12.552       16.450
        5221         5221         8192        0.363        0.529        0.000        0.319       27.149        6.941       13.291       16.385
        5222         6963         8192        0.363        0.529        0.000        0.319       32.852        6.960       13.283       16.396
        6963         6963         8192        0.150        0.427        0.000        0.425       28.106        6.946       10.191       16.368
        6964        10444        16384        0.575        0.654        0.000        0.212       36.413        7.013       12.674       16.888
       10444        10444        16384        0.363        0.529        0.000        0.319       27.964        6.978       13.382       16.936
       10445        13926        16384        0.363        0.529        0.000        0.319       33.337        7.004       13.604       16.946
       13926        13926        16384        0.150        0.427        0.000        0.425       27.734        6.942       10.410       16.905
       13927        20889        32768        0.575        0.654        0.000        0.212       55.640        7.064       12.854       17.301
       20889        20889        32768        0.363        0.529        0.000        0.319       30.724        7.091       13.728       17.543
       20890        27852        32768        0.362        0.529        0.000        0.319       34.244        7.007       13.885       17.457
       27852        27852        32768        0.150        0.427        0.000        0.425       27.969        7.021       10.571       17.415
       27853        41778        65536        0.575        0.654        0.000        0.212       36.417        7.988       13.022       17.834
       41778        41778        65536        0.363        0.529        0.000        0.319       27.961        7.656       14.373       18.338
       41779        55705        65536        0.363        0.529        0.000        0.319       33.958        9.154       14.084       18.076
       55705        55705        65536        0.150        0.427        0.001        0.425       28.140        9.197       11.660       18.392
       55706        83557       131072        0.575        0.654        0.000        0.212       37.257        9.253       13.893       20.857
       83557        83557       131072        0.363        0.529        0.000        0.319       28.655       10.668       15.655       22.124
       83558       111411       131072        0.363        0.529        0.000        0.319       34.966       10.624       16.222       22.531
      111411       111411       131072        0.151        0.427        0.001        0.425       29.007       11.309       15.690       22.714
      111412       167116       262144        0.575        0.654        0.001        0.212       38.267       12.453       15.095       26.159
      167116       167116       262144        0.364        0.529        0.002        0.319       29.353       13.262       18.144       26.398
      167117       222822       262144        0.364        0.529        0.002        0.319       35.924       13.618       18.069       26.725
      222822       222822       262144        0.152        0.427        0.002        0.425       29.739       13.750       16.777       26.502
      222823       334233       524288        0.575        0.654        0.000        0.212       39.380       14.759       17.129       29.720
      334233       334233       524288        0.363        0.529        0.000        0.319       29.790       15.254       18.851       29.617
      334234       445644       524288        0.362        0.529        0.000        0.319       37.557       15.060       19.425       30.099
      445644       445644       524288        0.153        0.427        0.003        0.425       30.670       16.882       20.453       33.563
      445645       668466      1048576        0.576        0.654        0.003        0.212       41.263       20.881       17.802       44.476
      668466       668466      1048576        0.367        0.529        0.007        0.319       31.327       31.941       34.657       56.443
      668467       891289      1048576        0.367        0.529        0.007        0.319       39.772       32.560       29.902       56.251
      891289       891289      1048576        0.158        0.427        0.009        0.425       32.936       38.357       44.081       63.983
      891290      1336933      2097152        0.575        0.654        0.000        0.212       44.240       46.145       34.977       85.392
     1336933      1336933      2097152        0.363        0.529        0.000        0.319       44.805       52.665       51.999       93.676
     1336934      1782579      2097152        0.363        0.529        0.000        0.319       57.022       52.436       51.413       94.713
     1782579      1782579      2097152        0.161        0.427        0.013        0.425       46.281       55.842       60.168       95.069
     1782580      2673868      4194304        0.581        0.654        0.013        0.212       63.654       59.736       45.606      112.556
     2673868      2673868      4194304        0.381        0.529        0.030        0.319       46.737       61.589       63.579      112.261
     2673869      3565158      4194304        0.381        0.529        0.030        0.319       57.547       63.128       57.813      115.157
     3565158      3565158      4194304        0.182        0.427        0.038        0.425       47.207       66.831       69.275      114.619
     3565159      5347737      8388608        0.575        0.654        0.000        0.212       63.958       62.574       54.275      124.623
     5347737      5347737      8388608        0.363        0.529        0.000        0.319       47.225       63.644       67.719      125.311
     5347738      7130317      8388608        0.362        0.529        0.000        0.319       56.696       63.386       67.145      126.041
     7130317      7130317      8388608        0.196        0.427        0.054        0.425       45.956       70.745       72.591      126.541
     7130318     10695476     16777216        0.598        0.654        0.054        0.213       62.400       70.989       62.931      133.071
    10695476     10695476     16777216        0.439        0.529        0.119        0.319       47.182       82.909       73.906      136.760
    10695477     14260634     16777216        0.439        0.529        0.119        0.319       59.566       84.620       69.579      138.316
    14260634     14260634     16777216        0.279        0.427        0.152        0.425       48.519       89.862       85.475      139.773
    14260635     21390952     33554432        0.575        0.654        0.000        0.213       65.652       66.469       71.935      141.158
    16777215     21390952     33554432        0.500        0.607        0.000        0.250       57.872       65.737       65.705      141.352
