       nkeys     capacity     nbuckets      vacancy   rndvacancy       regret    rndregret        putns        getns       missns        delns
           1            8            8        1.000        0.875       -1.000        0.000       49.366       12.673       13.184       17.867
           8            8            8        1.000        0.344       -1.000        0.438       20.716       24.112       13.029       28.299
           9           16           16        1.000        0.559       -1.000        0.250       25.699       24.362       13.463       28.434
          16           16           16        1.000        0.356       -1.000        0.469       21.704       25.937       14.496       30.646
          17           32           32        1.000        0.583       -1.000        0.250       27.584       26.848       16.307       31.646
          32           32           32        1.000        0.362       -1.000        0.484       23.081       29.108       22.804       35.085
          33           48           64        0.556        0.595        0.142        0.250       40.607       15.361       21.039       21.866
          48           48           64        0.424        0.470        0.255        0.367       30.022       16.511       21.870       22.127
          49           72          128        0.653        0.681        0.093        0.188       37.841       13.825       18.384       21.061
          72           72          128        0.532        0.569        0.179        0.277       33.941       15.293       20.886       21.685
          73          108          128        0.527        0.564        0.182        0.281       38.776       15.104       20.814       21.450
         108          108          128        0.385        0.429        0.312        0.418       37.946       18.758       23.646       23.816
         109          162          256        0.621        0.653        0.112        0.211       55.685       15.641       20.601       22.353
         162          162          256        0.491        0.530        0.211        0.314       36.415       14.902       20.681       20.790
         163          217          256        0.488        0.528        0.213        0.316       40.911       14.843       20.601       20.711
         217          217          256        0.380        0.428        0.306        0.422       35.921       15.216       20.235       20.617
         218          325          512        0.627        0.653        0.130        0.212       42.623       12.400       17.016       19.346
         325          325          512        0.488        0.530        0.207        0.316       34.491       12.498       18.335       18.718
         326          435          512        0.487        0.529        0.208        0.317       38.578       12.556       18.454       18.735
         435          435          512        0.382        0.427        0.314        0.424       34.321       13.600       18.657       18.989
         436          652         1024        0.626        0.653        0.126        0.212       41.358       10.602       15.249       17.513
         652          652         1024        0.495        0.529        0.230        0.318       33.905       11.691       17.303       17.855
         653          870         1024        0.495        0.528        0.230        0.318       38.748       11.718       17.245       17.907
         870          870         1024        0.386        0.427        0.324        0.424       34.085       13.149       18.051       18.705
         871         1305         2048        0.635        0.654        0.152        0.212       42.962       10.233       14.249       17.192
        1305         1305         2048        0.497        0.529        0.233        0.318       34.245       11.185       16.698       17.520
        1306         1740         2048        0.496        0.528        0.233        0.319       40.729       11.227       16.673       17.660
        1740         1740         2048        0.392        0.427        0.338        0.425       36.682       12.772       17.501       18.932
        1741         2610         4096        0.636        0.654        0.156        0.212       44.694        9.976       13.963       17.087
        2610         2610         4096        0.502        0.529        0.246        0.318       35.467       11.491       16.679       17.990
        2611         3481         4096        0.502        0.529        0.247        0.319       41.092       11.514       16.707       18.074
        3481         3481         4096        0.400        0.427        0.358        0.425       36.461       13.568       17.867       19.880
        3482         5221         8192        0.642        0.654        0.172        0.212       46.817       10.472       14.051       19.324
        5221         5221         8192        0.512        0.529        0.273        0.319       35.195       12.364       17.219       19.128
        5222         6963         8192        0.512        0.529        0.273        0.319       41.060       12.382       17.204       19.153
        6963         6963         8192        0.402        0.427        0.360        0.425       36.505       14.155       18.564       20.043
        6964        10444        16384        0.646        0.654        0.186        0.212       45.137       10.991       14.371       18.897
       10444        10444        16384        0.504        0.529        0.252        0.319       35.899       12.377       17.801       19.670
       10445        13926        16384        0.505        0.529        0.253        0.319       41.188       12.401       17.782       19.698
       13926        13926        16384        0.400        0.427        0.357        0.425       36.389       14.486       19.100       20.649
       13927        20889        32768        0.642        0.654        0.174        0.212       44.470       10.900       14.663       19.256
       20889        20889        32768        0.514        0.529        0.278        0.319       35.983       13.129       18.129       20.518
       20890        27852        32768        0.514        0.529        0.279        0.319       41.561       13.039       18.131       20.441
       27852        27852        32768        0.408        0.427        0.374        0.425       36.869       15.030       19.667       21.381
       27853        41778        65536        0.655        0.654        0.218        0.212       45.603       12.770       14.641       20.294
       41778        41778        65536        0.527        0.529        0.313        0.319       36.915       14.242       18.783       21.705
       41779        55705        65536        0.526        0.529        0.313        0.319       42.927       15.736       18.512       21.488
       55705        55705        65536        0.422        0.427        0.413        0.425       38.425       17.795       20.725       23.397
       55706        83557       131072        0.650        0.654        0.197        0.212       48.404       14.029       15.483       23.277
       83557        83557       131072        0.518        0.529        0.289        0.319       38.809       18.195       20.270       25.741
       83558       111411       131072        0.518        0.529        0.289        0.319       57.001       19.939       20.480       26.034
      111411       111411       131072        0.411        0.427        0.384        0.425       44.878       23.864       23.494       27.967
      111412       167116       262144        0.654        0.654        0.214        0.212       49.618       18.667       17.275       27.695
      167116       167116       262144        0.525        0.529        0.309        0.319       39.202       22.115       22.612       30.287
      167117       222822       262144        0.525        0.529        0.308        0.319       45.875       22.626       22.622       29.931
      222822       222822       262144        0.428        0.427        0.429        0.425       40.654       25.860       25.939       31.623
      222823       334233       524288        0.659        0.654        0.228        0.212       51.093       21.454       18.739       31.440
      334233       334233       524288        0.535        0.529        0.338        0.319       41.061       25.555       24.106       33.501
      334234       445644       524288        0.535        0.529        0.338        0.319       48.944       25.641       24.193       33.895
      445644       445644       524288        0.432        0.427        0.438        0.425       42.589       31.046       29.334       37.961
      445645       668466      1048576        0.662        0.654        0.240        0.212       53.583       30.213       23.970       45.082
      668466       668466      1048576        0.529        0.529        0.318        0.319       42.931       48.330       41.026       62.345
      668467       891289      1048576        0.529        0.529        0.317        0.319       51.560       48.253       40.145       61.724
      891289       891289      1048576        0.430        0.427        0.431        0.425       45.800       64.513       50.395       72.256
      891290      1336933      2097152        0.658        0.654        0.227        0.212       56.748       59.052       42.159       84.725
     1336933      1336933      2097152        0.534        0.529        0.333        0.319       56.719       77.947       59.814       97.302
     1336934      1782579      2097152        0.534        0.529        0.333        0.319       68.946       78.465       60.424       98.535
     1782579      1782579      2097152        0.429        0.427        0.428        0.425       59.196       92.192       74.878      106.297
     1782580      2673868      4194304        0.665        0.654        0.253        0.212       76.249       81.274       54.156      111.946
     2673868      2673868      4194304        0.535        0.529        0.335        0.319       59.579       93.698       75.148      118.224
     2673869      3565158      4194304        0.535        0.529        0.336        0.319       69.804       92.625       71.558      118.523
     3565158      3565158      4194304        0.431        0.427        0.432        0.425       59.972      106.040       90.475      123.541
     3565159      5347737      8388608        0.665        0.654        0.248        0.212       77.106       89.711       65.994      126.520
     5347737      5347737      8388608        0.538        0.529        0.341        0.319       61.054      101.795       83.071      131.201
     5347738      7130317      8388608        0.537        0.529        0.340        0.319       71.026      101.789       81.747      130.924
     7130317      7130317      8388608        0.430        0.427        0.432        0.425       60.278      110.472       95.867      134.194
     7130318     10695476     16777216        0.672        0.654        0.272        0.213       76.972       96.000       68.455      134.668
    10695476     10695476     16777216        0.544        0.529        0.359        0.319       61.332      110.158       87.725      140.787
    10695477     14260634     16777216        0.545        0.529        0.361        0.319       73.697      109.417       83.373      139.244
    14260634     14260634     16777216        0.440        0.427        0.456        0.425       63.238      121.067      103.495      144.617
    14260635     21390952     33554432        0.674        0.654        0.285        0.213       79.352      100.793       76.094      142.234
    16777215     21390952     33554432        0.629        0.607        0.321        0.250       71.017      105.085       82.732      143.419
