       nkeys     capacity     nbuckets      vacancy   rndvacancy       regret    rndregret        putns        getns       missns        delns
           1            7            8        0.875        0.875        0.000        0.000       64.368       12.814       19.284       26.313
           7            7            8        0.393        0.393        0.375        0.375       34.311       24.136       29.183       29.045
           8           10           16        0.597        0.597        0.219        0.219       47.586       21.540       25.723       27.713
          10           10           16        0.525        0.524        0.282        0.281       45.208       22.322       27.415       28.214
          11           13           16        0.492        0.492        0.312        0.313       61.929       22.264       27.511       27.923
          13           13           16        0.432        0.432        0.374        0.375       50.150       23.537       28.546       28.462
          14           19           32        0.641        0.641        0.203        0.203       59.288       19.496       23.246       26.527
          19           19           32        0.547        0.547        0.281        0.281       52.148       20.633       25.585       26.813
          20           28           32        0.530        0.530        0.297        0.297       71.421       21.905       26.840       27.795
          28           28           32        0.411        0.411        0.422        0.422       51.810       23.131       28.048       27.789
          29           42           64        0.633        0.633        0.219        0.219       61.436       18.973       22.720       25.984
          42           42           64        0.516        0.516        0.320        0.320       51.560       20.241       25.459       26.191
          43           54           64        0.508        0.508        0.328        0.328       56.406       20.280       25.576       26.074
          54           54           64        0.427        0.427        0.414        0.414       63.246       22.992       27.890       27.752
          55           81          128        0.650        0.650        0.211        0.211       61.188       18.896       22.400       26.059
          81           81          128        0.530        0.530        0.313        0.313       49.156       18.731       23.766       24.873
          82          108          128        0.525        0.526        0.316        0.316       53.493       18.710       23.774       24.993
         108          108          128        0.429        0.429        0.418        0.418       51.044       22.731       27.726       27.592
         109          162          256        0.653        0.653        0.211        0.211       59.424       18.698       22.225       25.916
         162          162          256        0.530        0.530        0.315        0.314       49.258       18.538       23.639       24.690
         163          217          256        0.528        0.528        0.316        0.316       65.507       18.581       23.676       24.778
         217          217          256        0.428        0.428        0.422        0.422       45.444       19.435       24.473       24.561
         218          325          512        0.653        0.653        0.212        0.212       53.256       15.362       18.949       22.945
         325          325          512        0.530        0.530        0.317        0.316       43.297       16.244       21.453       22.665
         326          435          512        0.529        0.529        0.317        0.317       47.391       16.252       21.412       22.606
         435          435          512        0.427        0.427        0.424        0.424       42.003       17.797       22.822       22.960
         436          652         1024        0.653        0.653        0.212        0.212       50.228       13.687       17.283       21.274
         652          652         1024        0.529        0.529        0.318        0.318       40.867       15.146       20.367       21.683
         653          870         1024        0.528        0.528        0.319        0.318       45.957       15.233       20.389       21.666
         870          870         1024        0.428        0.427        0.424        0.424       40.567       17.112       22.137       22.331
         871         1305         2048        0.654        0.654        0.213        0.212       50.261       12.929       16.474       20.684
        1305         1305         2048        0.529        0.529        0.318        0.318       41.160       14.680       19.904       21.319
        1306         1740         2048        0.528        0.528        0.319        0.319       47.901       14.695       19.920       21.325
        1740         1740         2048        0.428        0.427        0.425        0.425       41.953       16.713       21.727       22.198
        1741         2610         4096        0.654        0.654        0.212        0.212       51.837       12.775       16.239       20.769
        2610         2610         4096        0.529        0.529        0.318        0.318       42.212       15.043       19.928       21.858
        2611         3481         4096        0.529        0.529        0.319        0.319       47.524       15.077       19.929       21.870
        3481         3481         4096        0.427        0.427        0.425        0.425       43.864       17.565       22.056       23.297
        3482         5221         8192        0.654        0.654        0.212        0.212       52.011       13.360       16.513       22.240
        5221         5221         8192        0.529        0.529        0.319        0.319       41.982       15.704       20.494       23.013
        5222         6963         8192        0.529        0.529        0.319        0.319       47.125       15.694       20.515       23.063
        6963         6963         8192        0.427        0.427        0.425        0.425       42.770       18.188       22.841       24.079
        6964        10444        16384        0.654        0.654        0.213        0.212       52.120       13.709       16.865       22.612
       10444        10444        16384        0.529        0.529        0.319        0.319       42.728       16.161       21.033       23.730
       10445        13926        16384        0.529        0.529        0.319        0.319       48.074       16.072       21.094       23.707
       13926        13926        16384        0.428        0.427        0.425        0.425       42.893       18.519       23.405       24.788
       13927        20889        32768        0.654        0.654        0.213        0.212       52.185       13.893       17.064       23.021
       20889        20889        32768        0.529        0.529        0.319        0.319       42.832       16.304       21.369       24.223
       20890        27852        32768        0.529        0.529        0.319        0.319       48.453       16.300       21.333       24.207
       27852        27852        32768        0.428        0.427        0.426        0.425       43.393       18.748       23.722       25.337
       27853        41778        65536        0.654        0.654        0.212        0.212       53.929       15.069       17.285       23.376
       41778        41778        65536        0.529        0.529        0.319        0.319       44.209       16.769       21.790       24.947
       41779        55705        65536        0.529        0.529        0.319        0.319       50.429       18.557       21.813       25.037
       55705        55705        65536        0.428        0.427        0.425        0.425       47.198       21.067       24.656       27.147
       55706        83557       131072        0.654        0.654        0.213        0.212       58.688       17.672       18.447       27.466
       83557        83557       131072        0.529        0.529        0.319        0.319       47.935       23.242       23.845       29.785
       83558       111411       131072        0.528        0.529        0.318        0.319       54.215       22.803       23.808       30.054
      111411       111411       131072        0.427        0.427        0.425        0.425       49.593       27.992       27.387       32.062
      111412       167116       262144        0.654        0.654        0.212        0.212       62.189       23.013       20.830       32.182
      167116       167116       262144        0.529        0.529        0.318        0.319       50.939       26.739       26.297       34.293
      167117       222822       262144        0.529        0.529        0.319        0.319       57.515       27.885       26.376       34.398
      222822       222822       262144        0.427        0.427        0.425        0.425       53.344       30.551       30.148       35.791
      222823       334233       524288        0.654        0.654        0.213        0.212       67.438       25.294       22.322       35.295
      334233       334233       524288        0.529        0.529        0.319        0.319       56.218       29.351       28.041       36.677
      334234       445644       524288        0.529        0.529        0.319        0.319       63.286       30.583       28.456       37.174
      445644       445644       524288        0.428        0.427        0.425        0.425       60.503       35.690       33.931       40.839
      445645       668466      1048576        0.654        0.654        0.213        0.212       90.916       42.675       33.112       54.626
      668466       668466      1048576        0.529        0.529        0.319        0.319       72.039       63.105       46.408       67.509
      668467       891289      1048576        0.529        0.529        0.319        0.319       76.931       63.328       46.789       67.631
      891289       891289      1048576        0.427        0.427        0.424        0.425       74.271       83.972       59.131       80.479
      891290      1336933      2097152        0.654        0.654        0.212        0.212       91.364       77.912       51.780       94.872
     1336933      1336933      2097152        0.529        0.529        0.319        0.319       98.181       98.281       68.224      106.581
     1336934      1782579      2097152        0.529        0.529        0.319        0.319      108.486       99.234       67.740      106.717
     1782579      1782579      2097152        0.427        0.427        0.425        0.425      106.670      114.438       80.545      113.660
     1782580      2673868      4194304        0.654        0.654        0.212        0.212      137.121      100.869       67.865      122.375
     2673868      2673868      4194304        0.529        0.529        0.319        0.319      124.400      116.119       81.166      125.965
     2673869      3565158      4194304        0.529        0.529        0.319        0.319      134.218      113.333       78.803      122.503
     3565158      3565158      4194304        0.427        0.427        0.425        0.425      130.270      130.149       93.201      130.844
     3565159      5347737      8388608        0.654        0.654        0.212        0.212      163.560      110.545       75.070      134.083
     5347737      5347737      8388608        0.529        0.529        0.319        0.319      146.121      125.150       88.544      137.579
     5347738      7130317      8388608        0.529        0.529        0.319        0.319      156.526      125.198       88.742      137.566
     7130317      7130317      8388608        0.427        0.427        0.425        0.425      150.156      138.252      102.132      141.533
     7130318     10695476     16777216        0.654        0.654        0.213        0.213      183.194      114.616       79.090      141.094
    10695476     10695476     16777216        0.529        0.529        0.319        0.319      163.041      132.688       94.031      146.160
    10695477     14260634     16777216        0.529        0.529        0.319        0.319      176.896      130.358       92.726      144.561
    14260634     14260634     16777216        0.427        0.427        0.425        0.425      167.512      144.543      106.747      149.501
    14260635     21390952     33554432        0.654        0.654        0.212        0.213      199.924      116.704       81.883      146.622
    16777215     21390952     33554432        0.607        0.607        0.250        0.250      188.005      121.701       89.372      149.515
