       nkeys     capacity     nbuckets      vacancy   rndvacancy       regret    rndregret        putns        getns       missns        delns
           1            8            8        1.000        0.875       -1.000        0.000       48.966       12.669       13.118       17.787
           8            8            8        1.000        0.344       -1.000        0.438       20.891       24.077       12.970       28.196
           9           16           16        1.000        0.559       -1.000        0.250       25.657       24.297       13.327       28.336
          16           16           16        1.000        0.356       -1.000        0.469       21.619       25.891       14.343       30.536
          17           32           32        1.000        0.583       -1.000        0.250       27.343       26.723       16.271       31.613
          32           32           32        1.000        0.362       -1.000        0.484       22.663       29.056       19.085       34.974
          33           48           64        0.492        0.595        0.015        0.250       40.679       13.170       18.190       20.609
          48           48           64        0.276        0.470        0.034        0.367       27.182       12.888       17.293       20.264
          49           72          128        0.624        0.681        0.018        0.188       34.923       12.496       18.259       20.289
          72           72          128        0.486        0.569        0.087        0.277       30.035       13.677       19.727       20.899
          73          108          128        0.482        0.564        0.091        0.281       34.751       13.651       19.661       20.626
         108          108          128        0.337        0.429        0.217        0.418       32.895       17.336       22.340       23.072
         109          162          256        0.619        0.653        0.106        0.211       50.614       15.589       20.441       22.336
         162          162          256        0.467        0.530        0.160        0.314       31.141       14.070       19.999       20.465
         163          217          256        0.465        0.528        0.162        0.316       35.740       14.160       19.887       20.214
         217          217          256        0.339        0.428        0.230        0.422       30.639       14.006       19.113       20.085
         218          325          512        0.626        0.653        0.126        0.212       37.291       12.427       17.087       19.331
         325          325          512        0.491        0.530        0.211        0.316       30.158       12.556       18.071       18.740
         326          435          512        0.490        0.529        0.211        0.317       34.248       12.564       18.063       18.787
         435          435          512        0.375        0.427        0.300        0.424       29.805       13.451       18.392       18.963
         436          652         1024        0.631        0.653        0.137        0.212       36.599       10.834       15.225       17.649
         652          652         1024        0.504        0.529        0.246        0.318       30.204       11.896       17.113       18.003
         653          870         1024        0.504        0.528        0.247        0.318       34.847       11.924       17.014       17.926
         870          870         1024        0.400        0.427        0.348        0.424       30.316       13.733       18.534       18.864
         871         1305         2048        0.628        0.654        0.129        0.212       38.932        9.828       14.283       16.835
        1305         1305         2048        0.489        0.529        0.214        0.318       31.384       10.864       16.490       17.233
        1306         1740         2048        0.488        0.528        0.214        0.319       37.879       10.925       16.455       17.228
        1740         1740         2048        0.370        0.427        0.291        0.425       33.047       12.022       16.933       18.453
        1741         2610         4096        0.624        0.654        0.122        0.212       41.368        9.399       14.075       16.917
        2610         2610         4096        0.498        0.529        0.245        0.318       32.995       11.464       16.346       17.927
        2611         3481         4096        0.498        0.529        0.245        0.319       38.534       11.459       16.397       17.945
        3481         3481         4096        0.400        0.427        0.367        0.425       33.782       13.740       17.762       20.431
        3482         5221         8192        0.639        0.654        0.164        0.212       44.121       10.417       14.154       19.623
        5221         5221         8192        0.515        0.529        0.284        0.319       33.105       12.577       16.878       19.307
        5222         6963         8192        0.514        0.529        0.283        0.319       38.991       12.597       16.854       19.315
        6963         6963         8192        0.414        0.427        0.399        0.425       35.314       14.886       18.652       20.398
        6964        10444        16384        0.631        0.654        0.140        0.212       43.280       10.156       14.338       18.619
       10444        10444        16384        0.499        0.529        0.242        0.319       34.269       12.179       17.183       19.605
       10445        13926        16384        0.499        0.529        0.242        0.319       39.692       12.175       17.183       19.639
       13926        13926        16384        0.383        0.427        0.327        0.425       34.010       13.869       18.545       20.381
       13927        20889        32768        0.642        0.654        0.178        0.212       42.012       11.033       14.485       19.350
       20889        20889        32768        0.504        0.529        0.254        0.319       33.751       12.685       17.980       20.261
       20890        27852        32768        0.504        0.529        0.253        0.319       39.305       12.652       17.942       20.215
       27852        27852        32768        0.385        0.427        0.321        0.425       34.072       14.021       19.057       20.996
       27853        41778        65536        0.638        0.654        0.161        0.212       43.006       11.694       14.762       19.712
       41778        41778        65536        0.506        0.529        0.260        0.319       34.543       13.297       18.373       21.215
       41779        55705        65536        0.504        0.529        0.254        0.319       40.685       14.535       18.351       21.069
       55705        55705        65536        0.399        0.427        0.360        0.425       36.294       16.466       19.963       22.798
       55706        83557       131072        0.641        0.654        0.166        0.212       46.301       13.626       15.754       23.488
       83557        83557       131072        0.519        0.529        0.283        0.319       36.730       18.261       20.115       26.019
       83558       111411       131072        0.520        0.529        0.285        0.319       55.959       20.212       20.833       26.600
      111411       111411       131072        0.418        0.427        0.388        0.425       43.194       22.782       23.282       28.042
      111412       167116       262144        0.649        0.654        0.189        0.212       47.657       18.191       17.393       28.249
      167116       167116       262144        0.516        0.529        0.276        0.319       37.775       21.202       21.798       30.407
      167117       222822       262144        0.516        0.529        0.277        0.319       44.517       21.757       21.977       30.353
      222822       222822       262144        0.400        0.427        0.351        0.425       39.204       24.016       24.787       31.621
      222823       334233       524288        0.644        0.654        0.179        0.212       50.177       20.120       18.802       31.353
      334233       334233       524288        0.512        0.529        0.275        0.319       40.466       23.530       23.956       32.848
      334234       445644       524288        0.513        0.529        0.276        0.319       48.432       24.953       24.555       33.287
      445644       445644       524288        0.409        0.427        0.382        0.425       43.048       29.192       30.087       38.620
      445645       668466      1048576        0.653        0.654        0.209        0.212       55.174       31.573       26.387       48.041
      668466       668466      1048576        0.530        0.529        0.328        0.319       44.846       50.735       40.381       63.799
      668467       891289      1048576        0.530        0.529        0.327        0.319       53.081       50.117       40.770       63.638
      891289       891289      1048576        0.429        0.427        0.435        0.425       48.911       66.064       50.691       74.225
      891290      1336933      2097152        0.653        0.654        0.210        0.212       61.156       61.434       45.223       92.303
     1336933      1336933      2097152        0.527        0.529        0.316        0.319       60.660       79.330       61.653      102.151
     1336934      1782579      2097152        0.526        0.529        0.315        0.319       73.521       80.381       63.973      102.883
     1782579      1782579      2097152        0.423        0.427        0.415        0.425       64.681       93.693       78.503      109.185
     1782580      2673868      4194304        0.641        0.654        0.170        0.212       84.287       76.435       60.806      117.409
     2673868      2673868      4194304        0.508        0.529        0.263        0.319       66.742       88.994       75.806      120.909
     2673869      3565158      4194304        0.508        0.529        0.263        0.319       76.723       88.416       75.788      120.932
     3565158      3565158      4194304        0.398        0.427        0.351        0.425       66.898       99.161       89.583      123.625
     3565159      5347737      8388608        0.646        0.654        0.186        0.212       86.230       85.282       69.583      129.906
     5347737      5347737      8388608        0.517        0.529        0.287        0.319       69.270       98.639       85.581      132.412
     5347738      7130317      8388608        0.518        0.529        0.287        0.319       78.923       97.124       83.083      132.134
     7130317      7130317      8388608        0.420        0.427        0.404        0.425       68.566      110.241       95.684      135.062
     7130318     10695476     16777216        0.647        0.654        0.189        0.213       87.267       88.986       74.006      136.481
    10695476     10695476     16777216        0.512        0.529        0.274        0.319       70.422      102.285       92.219      140.342
    10695477     14260634     16777216        0.512        0.529        0.274        0.319       82.305      101.148       91.533      138.841
    14260634     14260634     16777216        0.407        0.427        0.374        0.425       72.062      114.109      104.872      143.009
    14260635     21390952     33554432        0.649        0.654        0.195        0.213       90.699       92.332       76.864      142.953
    16777215     21390952     33554432        0.600        0.607        0.228        0.250       81.191       96.538       83.992      144.875
