       nkeys     capacity     nbuckets      vacancy   rndvacancy       regret    rndregret        putns        getns       missns        delns
           1            7            8        0.875        0.875        0.000        0.000       62.530       13.076       18.636       23.871
           7            7            8        0.219        0.393        0.107        0.375       28.753       16.334       20.469       23.443
           8           10           16        0.555        0.597        0.109        0.219       40.246       17.858       21.881       23.585
          10           10           16        0.445        0.524        0.113        0.281       36.754       17.721       23.039       23.937
          11           13           16        0.391        0.492        0.114        0.313       51.640       16.988       22.490       23.392
          13           13           16        0.281        0.432        0.116        0.375       41.415       17.212       21.847       24.461
          14           19           32        0.563        0.641        0.000        0.203       49.097       14.376       21.257       21.605
          19           19           32        0.406        0.547        0.000        0.281       41.290       14.240       20.479       21.480
          20           28           32        0.387        0.530        0.019        0.297       59.701       15.442       21.367       22.880
          28           28           32        0.231        0.411        0.121        0.422       40.312       15.915       19.770       22.638
          29           42           64        0.547        0.633        0.000        0.219       47.764       13.431       19.829       21.274
          42           42           64        0.344        0.516        0.000        0.320       38.414       12.896       18.647       20.635
          43           54           64        0.328        0.508        0.000        0.328       42.893       12.737       18.253       20.506
          54           54           64        0.156        0.427        0.000        0.414       50.250       13.733       16.831       21.633
          55           81          128        0.570        0.650        0.000        0.211       46.322       13.589       19.995       21.373
          81           81          128        0.412        0.530        0.070        0.313       35.789       12.674       18.849       20.127
          82          108          128        0.406        0.526        0.072        0.316       40.025       12.694       18.820       20.215
         108          108          128        0.247        0.429        0.107        0.418       37.838       15.380       19.421       22.336
         109          162          256        0.597        0.653        0.054        0.211       59.668       14.552       20.247       22.285
         162          162          256        0.413        0.530        0.072        0.314       34.517       12.568       18.772       20.229
         163          217          256        0.409        0.528        0.072        0.316       38.733       12.497       18.674       19.747
         217          217          256        0.278        0.428        0.148        0.422       32.531       12.762       17.198       19.562
         218          325          512        0.623        0.653        0.115        0.212       39.196       12.173       16.664       19.417
         325          325          512        0.468        0.530        0.162        0.316       30.536       11.745       17.657       18.449
         326          435          512        0.467        0.529        0.163        0.317       34.834       11.754       17.583       18.398
         435          435          512        0.316        0.427        0.195        0.424       29.031       11.727       16.627       18.072
         436          652         1024        0.634        0.653        0.141        0.212       36.374       10.902       15.035       17.739
         652          652         1024        0.465        0.529        0.160        0.318       28.163       10.648       16.548       17.446
         653          870         1024        0.464        0.528        0.160        0.318       44.110       10.667       16.573       17.421
         870          870         1024        0.332        0.427        0.221        0.424       36.778       11.649       16.610       17.998
         871         1305         2048        0.655        0.654        0.192        0.212       36.554       10.884       13.996       17.481
        1305         1305         2048        0.505        0.529        0.234        0.318       28.096       11.273       16.365       17.555
        1306         1740         2048        0.505        0.528        0.234        0.319       34.253       11.242       16.391       17.681
        1740         1740         2048        0.362        0.427        0.264        0.425       29.967       11.646       16.775       18.464
        1741         2610         4096        0.678        0.654        0.255        0.212       37.748       11.583       13.244       17.595
        2610         2610         4096        0.528        0.529        0.277        0.318       28.683       11.987       15.783       17.856
        2611         3481         4096        0.528        0.529        0.276        0.319       34.379       11.959       15.771       17.942
        3481         3481         4096        0.379        0.427        0.287        0.425       29.069       12.354       17.361       19.546
        3482         5221         8192        0.679        0.654        0.260        0.212       39.760       11.915       13.397       19.565
        5221         5221         8192        0.535        0.529        0.292        0.319       28.000       12.695       16.173       18.792
        5222         6963         8192        0.534        0.529        0.291        0.319       33.764       12.748       16.289       18.822
        6963         6963         8192        0.419        0.427        0.382        0.425       29.412       14.493       18.504       19.880
        6964        10444        16384        0.697        0.654        0.327        0.212       37.559       13.615       13.619       19.490
       10444        10444        16384        0.561        0.529        0.374        0.319       29.050       14.713       17.008       20.367
       10445        13926        16384        0.561        0.529        0.374        0.319       34.546       14.697       16.733       20.362
       13926        13926        16384        0.428        0.427        0.403        0.425       28.878       15.425       19.443       20.882
       13927        20889        32768        0.700        0.654        0.338        0.212       37.137       14.189       13.815       20.362
       20889        20889        32768        0.557        0.529        0.359        0.319       28.951       14.852       17.368       21.046
       20890        27852        32768        0.557        0.529        0.358        0.319       34.391       14.783       17.532       21.032
       27852        27852        32768        0.434        0.427        0.407        0.425       29.123       15.847       20.146       21.699
       27853        41778        65536        0.704        0.654        0.358        0.212       37.912       15.439       14.153       21.297
       41778        41778        65536        0.559        0.529        0.366        0.319       29.035       15.683       17.885       22.056
       41779        55705        65536        0.559        0.529        0.365        0.319       34.984       16.871       17.787       21.891
       55705        55705        65536        0.422        0.427        0.388        0.425       29.477       17.348       20.282       22.731
       55706        83557       131072        0.707        0.654        0.368        0.212       38.581       15.986       14.648       22.528
       83557        83557       131072        0.561        0.529        0.371        0.319       30.064       18.241       18.952       24.401
       83558       111411       131072        0.561        0.529        0.372        0.319       36.158       19.027       19.129       24.605
      111411       111411       131072        0.418        0.427        0.378        0.425       30.255       22.105       22.654       26.153
      111412       167116       262144        0.708        0.654        0.376        0.212       39.730       20.781       15.723       26.014
      167116       167116       262144        0.580        0.529        0.430        0.319       30.839       23.755       21.161       28.661
      167117       222822       262144        0.582        0.529        0.436        0.319       37.317       24.505       20.961       28.751
      222822       222822       262144        0.454        0.427        0.462        0.425       31.286       26.097       26.205       30.308
      222823       334233       524288        0.719        0.654        0.426        0.212       41.242       25.148       16.931       30.340
      334233       334233       524288        0.583        0.529        0.438        0.319       31.671       27.072       22.980       32.456
      334234       445644       524288        0.581        0.529        0.433        0.319       38.588       27.389       23.887       32.795
      445644       445644       524288        0.472        0.427        0.512        0.425       32.414       31.069       29.143       37.614
      445645       668466      1048576        0.733        0.654        0.496        0.212       43.046       32.497       22.733       38.581
      668466       668466      1048576        0.607        0.529        0.524        0.319       33.144       46.953       28.022       55.392
      668467       891289      1048576        0.611        0.529        0.537        0.319       40.781       48.615       26.620       56.571
      891289       891289      1048576        0.492        0.427        0.565        0.425       34.087       62.892       39.372       66.253
      891290      1336933      2097152        0.736        0.654        0.509        0.212       45.683       62.763       22.751       67.403
     1336933      1336933      2097152        0.609        0.529        0.527        0.319       43.116       80.944       36.192       84.725
     1336934      1782579      2097152        0.605        0.529        0.515        0.319       53.538       80.800       43.668       85.587
     1782579      1782579      2097152        0.497        0.427        0.576        0.425       44.903       94.433       56.945       97.578
     1782580      2673868      4194304        0.745        0.654        0.560        0.212       58.922       93.419       22.714       97.244
     2673868      2673868      4194304        0.631        0.529        0.607        0.319       45.228      106.889       41.707      110.935
     2673869      3565158      4194304        0.628        0.529        0.598        0.319       55.038      107.127       44.861      111.720
     3565158      3565158      4194304        0.516        0.427        0.627        0.425       45.798      115.988       67.118      119.911
     3565159      5347737      8388608        0.750        0.654        0.582        0.212       60.341      112.209       34.101      119.784
     5347737      5347737      8388608        0.628        0.529        0.599        0.319       46.245      120.523       68.429      128.330
     5347738      7130317      8388608        0.627        0.529        0.595        0.319       55.693      119.870       59.297      128.302
     7130317      7130317      8388608        0.529        0.427        0.675        0.425       46.814      129.240       90.385      134.916
     7130318     10695476     16777216        0.753        0.654        0.605        0.213       60.353      122.435       73.495      133.261
    10695476     10695476     16777216        0.631        0.529        0.608        0.319       46.670      129.113       63.382      140.653
    10695477     14260634     16777216        0.632        0.529        0.611        0.319       58.697      129.174       79.533      140.078
    14260634     14260634     16777216        0.515        0.427        0.630        0.425       48.947      135.142       93.840      145.981
    14260635     21390952     33554432        0.755        0.654        0.611        0.213       62.834      127.650       84.987      141.828
    16777215     21390952     33554432        0.720        0.607        0.662        0.250       55.570      135.447       58.919      146.791
