       nkeys     capacity     nbuckets      vacancy   rndvacancy       regret    rndregret        putns        getns       missns        delns
           1            8            8        1.000        0.875       -1.000        0.000       48.141       12.633       12.900       17.270
           8            8            8        1.000        0.344       -1.000        0.438       20.638       24.159       12.774       28.379
           9           16           16        1.000        0.559       -1.000        0.250       25.484       24.455       13.623       28.448
          16           16           16        1.000        0.356       -1.000        0.469       21.784       26.266       14.146       30.794
          17           32           32        1.000        0.583       -1.000        0.250       28.122       27.127       15.837       31.777
          32           32           32        1.000        0.362       -1.000        0.484       25.107       29.462       18.462       35.538
          33           48           64        0.486        0.595        0.002        0.250       32.405       12.643       13.691       20.186
          48           48           64        0.254        0.470        0.005        0.367       27.894       12.076       13.169       19.712
          49           72          128        0.619        0.681        0.005        0.188       35.521       11.926       12.843       19.892
          72           72          128        0.443        0.569        0.010        0.277       30.282       12.010       12.791       20.001
          73          108          128        0.435        0.564        0.010        0.281       37.444       11.883       12.821       19.672
         108          108          128        0.169        0.429        0.016        0.418       35.686       13.714       14.388       21.052
         109          162          256        0.581        0.653        0.078        0.211       38.964       13.741       14.374       21.254
         162          162          256        0.383        0.530        0.026        0.314       30.119       11.582       12.201       19.287
         163          217          256        0.379        0.528        0.026        0.316       34.717       11.503       12.243       18.955
         217          217          256        0.181        0.428        0.036        0.422       29.125       10.555       11.218       18.018
         218          325          512        0.590        0.653        0.726        0.212       45.902       12.276       14.175       18.898
         325          325          512        0.395        0.530        0.049        0.316       32.018        9.898       10.209       17.275
         326          435          512        0.393        0.529        0.048        0.317       32.147        9.811        9.996       17.276
         435          435          512        0.202        0.427        0.067        0.424       27.078        9.541        9.596       16.975
         436          652         1024        0.598        0.653        0.058        0.212       34.039        9.396        9.553       16.730
         652          652         1024        0.416        0.529        0.087        0.318       26.704        9.349        9.203       16.486
         653          870         1024        0.412        0.528        0.082        0.318       31.135        9.275        8.925       16.319
         870          870         1024        0.236        0.427        0.111        0.424       26.264        9.416        8.908       16.376
         871         1305         2048        0.614        0.654        0.095        0.212       35.003        9.378        8.634       17.062
        1305         1305         2048        0.447        0.529        0.140        0.318       27.249        9.745        8.435       16.500
        1306         1740         2048        0.446        0.528        0.140        0.319       33.415        9.722        8.477       16.496
        1740         1740         2048        0.294        0.427        0.187        0.425       28.045       10.361        8.431       16.752
        1741         2610         4096        0.629        0.654        0.133        0.212       38.721        9.794        8.294       16.791
        2610         2610         4096        0.484        0.529        0.205        0.318       29.350       11.116        8.379       17.587
        2611         3481         4096        0.481        0.529        0.201        0.319       35.086       11.124        8.277       17.596
        3481         3481         4096        0.345        0.427        0.266        0.425       29.719       12.311        8.174       18.904
        3482         5221         8192        0.653        0.654        0.195        0.212       39.300       11.396        7.891       19.433
        5221         5221         8192        0.513        0.529        0.262        0.319       30.632       12.747        7.938       19.220
        5222         6963         8192        0.523        0.529        0.280        0.319       36.581       13.201        7.933       19.432
        6963         6963         8192        0.407        0.427        0.368        0.425       31.614       15.012        8.058       20.514
        6964        10444        16384        0.648        0.654        0.187        0.212       41.861       12.404        7.953       20.669
       10444        10444        16384        0.529        0.529        0.298        0.319       34.562       14.933        8.214       21.957
       10445        13926        16384        0.527        0.529        0.294        0.319       39.684       14.729        8.242       21.892
       13926        13926        16384        0.432        0.427        0.422        0.425       35.055       17.370        8.778       23.115
       13927        20889        32768        0.657        0.654        0.214        0.212       45.040       13.655        8.101       22.349
       20889        20889        32768        0.535        0.529        0.320        0.319       38.029       16.062        7.985       23.678
       20890        27852        32768        0.535        0.529        0.320        0.319       43.093       15.949        7.921       23.597
       27852        27852        32768        0.442        0.427        0.445        0.425       38.095       18.537        7.918       24.604
       27853        41778        65536        0.655        0.654        0.216        0.212       49.471       15.207        7.914       23.599
       41778        41778        65536        0.530        0.529        0.321        0.319       41.179       16.887        8.044       25.448
       41779        55705        65536        0.530        0.529        0.321        0.319       47.981       18.495        8.026       25.347
       55705        55705        65536        0.428        0.427        0.428        0.425       45.063       21.395        8.552       27.392
       55706        83557       131072        0.654        0.654        0.213        0.212       56.722       18.408        8.613       28.254
       83557        83557       131072        0.529        0.529        0.321        0.319       46.511       23.938        9.007       30.426
       83558       111411       131072        0.529        0.529        0.320        0.319       52.969       23.787        8.988       30.033
      111411       111411       131072        0.429        0.427        0.428        0.425       48.574       28.575       10.071       31.988
      111412       167116       262144        0.654        0.654        0.213        0.212       60.481       23.139        8.932       32.615
      167116       167116       262144        0.529        0.529        0.320        0.319       49.668       27.598       10.035       34.525
      167117       222822       262144        0.529        0.529        0.320        0.319       56.440       28.686       10.065       34.456
      222822       222822       262144        0.428        0.427        0.426        0.425       55.201       32.687       10.124       35.927
      222823       334233       524288        0.654        0.654        0.212        0.212       73.939       26.760       10.060       35.635
      334233       334233       524288        0.529        0.529        0.320        0.319       55.012       30.163       11.418       37.573
      334234       445644       524288        0.529        0.529        0.319        0.319       62.727       32.013       11.461       37.730
      445644       445644       524288        0.428        0.427        0.426        0.425       61.037       38.528       14.282       44.121
      445645       668466      1048576        0.654        0.654        0.213        0.212       77.060       40.383       10.224       52.677
      668466       668466      1048576        0.529        0.529        0.319        0.319       67.555       62.484       10.083       67.863
      668467       891289      1048576        0.529        0.529        0.319        0.319       76.816       64.193       10.355       69.465
      891289       891289      1048576        0.428        0.427        0.426        0.425       84.107       82.903       10.122       80.943
      891290      1336933      2097152        0.654        0.654        0.213        0.212       90.402       78.496        9.156       95.772
     1336933      1336933      2097152        0.529        0.529        0.319        0.319       97.069       97.938        9.044      105.459
     1336934      1782579      2097152        0.529        0.529        0.319        0.319      112.191      100.654        9.161      108.268
     1782579      1782579      2097152        0.427        0.427        0.425        0.425      110.200      116.218        9.136      115.000
     1782580      2673868      4194304        0.654        0.654        0.213        0.212      141.395      102.595        8.306      123.503
     2673868      2673868      4194304        0.529        0.529        0.319        0.319      128.695      119.602        8.156      129.020
     2673869      3565158      4194304        0.529        0.529        0.319        0.319      139.375      116.495        8.194      126.626
     3565158      3565158      4194304        0.427        0.427        0.425        0.425      134.556      130.228        9.139      131.974
     3565159      5347737      8388608        0.654        0.654        0.212        0.212      167.635      111.800        9.203      134.486
     5347737      5347737      8388608        0.529        0.529        0.319        0.319      150.956      128.799        9.088      139.728
     5347738      7130317      8388608        0.529        0.529        0.319        0.319      161.761      122.060        9.087      135.576
     7130317      7130317      8388608        0.427        0.427        0.425        0.425      154.784      138.103        9.095      141.416
     7130318     10695476     16777216        0.654        0.654        0.213        0.213      186.422      118.389        9.306      142.888
     8388607     10695476     16777216        0.607        0.607        0.250        0.250      178.196      126.692        9.061      145.677
