       nkeys     capacity     nbuckets      vacancy   rndvacancy       regret    rndregret        putns        getns       missns        delns
           1            7            8        0.875        0.875        0.000        0.000       64.163       12.839       19.355       26.413
           7            7            8        0.389        0.393        0.367        0.375       34.385       23.847       17.698       29.129
           8           10           16        0.596        0.597        0.215        0.219       47.553       21.432       17.448       27.812
          10           10           16        0.524        0.524        0.277        0.281       47.492       22.244       17.183       28.390
          11           13           16        0.491        0.492        0.309        0.313       55.742       22.116       16.568       28.021
          13           13           16        0.431        0.432        0.371        0.375       50.281       23.509       16.928       28.627
          14           19           32        0.642        0.641        0.205        0.203       59.255       19.560       15.370       26.744
          19           19           32        0.547        0.547        0.282        0.281       59.099       20.634       15.461       27.038
          20           28           32        0.530        0.530        0.297        0.297       60.103       21.734       16.184       27.971
          28           28           32        0.411        0.411        0.421        0.422       52.041       23.131       16.083       28.003
          29           42           64        0.633        0.633        0.219        0.219       69.488       19.018       15.225       26.226
          42           42           64        0.515        0.516        0.318        0.320       52.055       20.163       14.781       26.414
          43           54           64        0.507        0.508        0.326        0.328       56.454       20.198       14.712       26.306
          54           54           64        0.426        0.427        0.411        0.414       53.330       22.801       15.879       27.930
          55           81          128        0.649        0.650        0.210        0.211       72.868       18.902       15.134       26.288
          81           81          128        0.529        0.530        0.312        0.313       49.304       18.572       13.122       24.966
          82          108          128        0.525        0.526        0.316        0.316       53.570       18.543       13.034       24.942
         108          108          128        0.427        0.429        0.417        0.418       51.459       22.597       15.260       27.768
         109          162          256        0.652        0.653        0.212        0.211       59.751       18.694       14.843       26.257
         162          162          256        0.529        0.530        0.314        0.314       53.986       18.403       12.892       24.877
         163          217          256        0.527        0.528        0.316        0.316       55.680       18.393       12.867       24.832
         217          217          256        0.426        0.428        0.421        0.422       45.391       19.161       11.816       24.643
         218          325          512        0.653        0.653        0.213        0.212       53.368       15.290       11.516       22.894
         325          325          512        0.529        0.530        0.315        0.316       43.254       16.050       10.658       22.656
         326          435          512        0.528        0.529        0.316        0.317       47.330       16.044       10.618       22.775
         435          435          512        0.425        0.427        0.420        0.424       41.925       17.441       10.318       23.046
         436          652         1024        0.653        0.653        0.211        0.212       49.679       13.599        9.883       21.374
         652          652         1024        0.528        0.529        0.315        0.318       40.589       14.920        9.549       21.713
         653          870         1024        0.528        0.528        0.315        0.318       53.066       14.958        9.569       21.730
         870          870         1024        0.426        0.427        0.419        0.424       45.732       16.557        9.476       22.468
         871         1305         2048        0.651        0.654        0.206        0.212       49.320       12.799        9.342       20.858
        1305         1305         2048        0.526        0.529        0.309        0.318       40.090       14.316        9.400       21.488
        1306         1740         2048        0.525        0.528        0.310        0.319       46.734       14.365        9.382       21.400
        1740         1740         2048        0.425        0.427        0.415        0.425       42.702       16.810       10.211       22.766
        1741         2610         4096        0.653        0.654        0.208        0.212       51.434       12.634        8.944       20.881
        2610         2610         4096        0.528        0.529        0.316        0.318       41.284       14.798        9.207       21.951
        2611         3481         4096        0.528        0.529        0.316        0.319       47.048       14.834        9.258       21.951
        3481         3481         4096        0.427        0.427        0.423        0.425       42.338       17.161        9.638       23.306
        3482         5221         8192        0.654        0.654        0.213        0.212       51.872       13.307        8.593       22.280
        5221         5221         8192        0.530        0.529        0.320        0.319       41.631       15.532        8.923       23.035
        5222         6963         8192        0.529        0.529        0.320        0.319       47.399       15.588        9.001       23.063
        6963         6963         8192        0.429        0.427        0.429        0.425       42.521       18.035        9.290       24.197
        6964        10444        16384        0.653        0.654        0.210        0.212       51.720       13.634        8.131       22.666
       10444        10444        16384        0.528        0.529        0.317        0.319       42.447       15.949        8.290       23.713
       10445        13926        16384        0.528        0.529        0.317        0.319       47.650       15.930        8.408       23.740
       13926        13926        16384        0.426        0.427        0.423        0.425       42.416       18.309        8.735       24.962
       13927        20889        32768        0.653        0.654        0.210        0.212       51.600       13.787        8.068       23.046
       20889        20889        32768        0.529        0.529        0.319        0.319       42.371       16.200        7.965       24.297
       20890        27852        32768        0.529        0.529        0.319        0.319       48.152       16.196        7.906       24.273
       27852        27852        32768        0.428        0.427        0.424        0.425       43.218       18.667        7.910       25.451
       27853        41778        65536        0.655        0.654        0.216        0.212       53.772       15.106        7.889       23.561
       41778        41778        65536        0.530        0.529        0.321        0.319       43.943       16.872        7.998       25.482
       41779        55705        65536        0.530        0.529        0.321        0.319       50.016       18.379        8.006       25.358
       55705        55705        65536        0.428        0.427        0.428        0.425       47.074       21.193        8.563       27.484
       55706        83557       131072        0.654        0.654        0.213        0.212       58.707       17.776        8.548       27.996
       83557        83557       131072        0.529        0.529        0.320        0.319       47.822       23.314        9.046       30.060
       83558       111411       131072        0.529        0.529        0.320        0.319       54.027       22.675        8.958       30.012
      111411       111411       131072        0.429        0.427        0.428        0.425       49.375       27.964       10.093       32.132
      111412       167116       262144        0.654        0.654        0.213        0.212       62.023       22.569        8.995       32.775
      167116       167116       262144        0.529        0.529        0.320        0.319       51.214       26.759       10.072       34.660
      167117       222822       262144        0.529        0.529        0.320        0.319       56.943       27.724       10.047       34.369
      222822       222822       262144        0.428        0.427        0.426        0.425       52.906       30.514       10.101       35.303
      222823       334233       524288        0.654        0.654        0.212        0.212       66.866       25.057       10.095       35.591
      334233       334233       524288        0.529        0.529        0.320        0.319       55.914       30.011       11.400       37.707
      334234       445644       524288        0.529        0.529        0.319        0.319       67.460       32.430       11.391       39.050
      445644       445644       524288        0.428        0.427        0.426        0.425       68.938       39.878       14.072       45.096
      445645       668466      1048576        0.654        0.654        0.213        0.212       76.950       41.599       10.097       55.782
      668466       668466      1048576        0.529        0.529        0.319        0.319       67.514       63.145       10.142       68.521
      668467       891289      1048576        0.529        0.529        0.319        0.319       75.725       63.115       10.175       69.139
      891289       891289      1048576        0.428        0.427        0.426        0.425       74.902       82.776       10.179       80.257
      891290      1336933      2097152        0.654        0.654        0.213        0.212       92.308       77.646        9.073       95.344
     1336933      1336933      2097152        0.529        0.529        0.319        0.319       97.191       98.571        9.029      105.824
     1336934      1782579      2097152        0.529        0.529        0.319        0.319      110.780       99.773        9.143      107.597
     1782579      1782579      2097152        0.427        0.427        0.425        0.425      108.801      115.467        9.121      114.905
     1782580      2673868      4194304        0.654        0.654        0.213        0.212      140.276      101.025        8.189      122.495
     2673868      2673868      4194304        0.529        0.529        0.319        0.319      128.366      118.662        8.087      127.939
     2673869      3565158      4194304        0.529        0.529        0.319        0.319      140.476      119.392        8.086      128.749
     3565158      3565158      4194304        0.427        0.427        0.425        0.425      135.732      131.482        9.026      132.921
     3565159      5347737      8388608        0.654        0.654        0.212        0.212      168.325      111.344        9.178      134.513
     5347737      5347737      8388608        0.529        0.529        0.319        0.319      151.872      129.884        9.040      140.274
     5347738      7130317      8388608        0.529        0.529        0.319        0.319      163.276      124.374        9.094      137.475
     7130317      7130317      8388608        0.427        0.427        0.425        0.425      155.116      137.592        9.102      141.676
     7130318     10695476     16777216        0.654        0.654        0.213        0.213      186.174      114.466        9.107      141.799
     8388607     10695476     16777216        0.607        0.607        0.250        0.250      178.331      126.679        9.056      145.817
